00000000001000000000001100110011
01000000101000110000010000110011
00000000001101000111010000110011
00001010000001000000001001100111
00000000000000000000001110110011
00000000011000000000001110110011
00000000000000110000111000110011
00000001110011100000111000110011
00000001110011100000111000110011
00000001110011100000111000110011
00000000000011100011111110000011
00000010000111111000100001100111
01000000101000111000010000110011
00000000001101000111010000110011
00000000000001000000111001100111
00000000000000111000111010110011
00000001110111101000111010110011
00000001110111101000111010110011
00000001110111101000111010110011
00000000000011101111000000100011
00000000000000000000011001100111
00000000000100110000001100110011
11111010000000000000011011100111
00000000011000111000001110110011
11111100000000000000100011100111
01000000101100110000010000110011
00000000001101000111010000110011
00000100000001000000100001100111
00000000000000110000111000110011
00000001110011100000111000110011
00000001110011100000111000110011
00000001110011100000111000110011
00000000000011100011111110000011
00000000000111111000010001100111
00000010000000000000000001100111
00000000000000111000111010110011
00000001110111101000111010110011
00000001110111101000111010110011
00000001110111101000111010110011
00000000011011101111000000100011
00000000000100111000001110110011
00000000000000000000001001100111
00000000000100110000001100110011
11111010000000000000110011100111
00000000011000000000001110110011
00000000001000000000001100110011
11111010000000000000011011100111
00000000000000000000000001100111
00000000000000000000000000000000
00000000000000000000000000000000
00000000000000000000000000000000
00000000000000000000000000000000
00000000000000000000000000000000
00000000000000000000000000000000
00000000000000000000000000000000
00000000000000000000000000000000
00000000000000000000000000000000
00000000000000000000000000000000
00000000000000000000000000000000
00000000000000000000000000000000
00000000000000000000000000000000
00000000000000000000000000000000
00000000000000000000000000000000
